x_1: 70;   y_1: -130;
x_2: 3;   y_2: 28.1;
x_3: 67;   y_3: -91.90000000000003;
x_4: 38;   y_4: 47.59999999999999;
x_5: 46;   y_5: 36.39999999999998;
x_6: -16;   y_6: -91.59999999999999;
x_7: 64;   y_7: -79.60000000000002;
x_8: 10;   y_8: 38;
x_9: 55;   y_9: -17.5;
x_10: -17;   y_10: -115.9;
x_11: 51;   y_11: 4.899999999999977;
x_12: 23;   y_12: 72.09999999999999;
x_13: 26;   y_13: 72.39999999999999;
x_14: 12;   y_14: 67.59999999999999;
x_15: 34;   y_15: 68.39999999999999;
x_16: 58;   y_16: -36.40000000000003;
x_17: 0;   y_17: 6;
x_18: -18;   y_18: -108.4;
x_19: 9;   y_19: 34.9;
x_20: -9;   y_20: -27.1;
x_21: 50;   y_21: 10;
x_22: 27;   y_22: 76.09999999999999;
x_23: 50;   y_23: 14;
x_24: 48;   y_24: 31.59999999999999;
x_25: 9;   y_25: 46.9;
x_26: 26;   y_26: 72.39999999999999;
x_27: 63;   y_27: -67.90000000000003;
x_28: 66;   y_28: -111.6;
x_29: 47;   y_29: 8.099999999999994;
x_30: 60;   y_30: -42;
x_31: 37;   y_31: 62.09999999999999;
x_32: -13;   y_32: -67.90000000000001;
x_33: 48;   y_33: 27.59999999999999;
